52 12 41 42 52 62 21 41 21 5 2 5 1 2 51 57 60 6
12 51 13 51 231 75
16 30 35 10 35 10 30 11 3 5 2 8
4 9 1 10 2 5 0 9
2 4 5 2
1 8 10 20
1 2 3 4 5 6 7 8 9 10 11 12 13 14 15 16 17 18 19 20
11 12 13 14 15 16 17 18 19 20 21 22 23 24 25 26 27 21
80 20 60 30 50 50 40 90 10 30
55 66 44 33 22 11
1 10 2 20 3 30 4 45
3 5 83 1
2 6 1 2
8 9
70 10 9 5
6 2
2 7
250 301 54 20
8 36 1 5 3 4
5 1 2 56
98 5 20 3
6 2 4 58
21 354 54 145 78 98
1 10 2 20 3 30 4 45 98 5 20 3
2 6 1 2 3 5 83 1
2 7 6 2
1 8 10 20 70 10 9 5
80 20 60 30 50 50 40 90 10 30 250 301 54 20
16 30 35 10 35 10 30 11 3 5 2 8 1 2 3 4 5 6 7 8 9 10 11 12 13 14 15 16 17 18 19 20
1 10 2 20 3 30 4 45 6 2 4 58
2 6 1 2 3 5 83 1 5 1 2 56