Distancia inicial da solucao : 206
Distancia final da solucao :202
Tour :|41, 42|21, 41|2, 5|1, 2|21, 5|52, 12|60, 6|51, 57|52, 62|

------------------------------
Distancia inicial da solucao : 531
Distancia final da solucao :530
Tour :|52, 62|51, 57|41, 42|21, 41|13, 51|12, 51|2, 5|1, 2|21, 5|52, 12|60, 6|231, 75|

------------------------------
Distancia inicial da solucao : 586
Distancia final da solucao :585
Tour :|1, 2|21, 5|30, 11|52, 12|60, 6|231, 75|52, 62|51, 57|41, 42|35, 10|35, 10|21, 41|13, 51|12, 51|16, 30|3, 5|2, 8|2, 5|

------------------------------
Distancia inicial da solucao : 591
Distancia final da solucao :589
Tour :|30, 11|16, 30|21, 41|12, 51|13, 51|1, 10|0, 9|4, 9|1, 2|3, 5|2, 5|2, 5|2, 8|21, 5|41, 42|51, 57|52, 62|231, 75|60, 6|52, 12|35, 10|35, 10|

------------------------------
Distancia inicial da solucao : 617
Distancia final da solucao :617
Tour :|231, 75|52, 62|51, 57|41, 42|30, 11|35, 10|35, 10|3, 5|2, 5|2, 5|0, 9|1, 10|2, 8|1, 2|2, 4|5, 2|4, 9|16, 30|13, 51|12, 51|21, 41|21, 5|52, 12|60, 6|

------------------------------
Distancia inicial da solucao : 636
Distancia final da solucao :634
Tour :|1, 10|2, 8|3, 5|5, 2|2, 5|2, 5|13, 51|12, 51|21, 41|16, 30|4, 9|1, 8|1, 2|2, 4|21, 5|35, 10|35, 10|52, 12|60, 6|231, 75|52, 62|51, 57|41, 42|30, 11|10, 20|0, 9|

------------------------------
Distancia inicial da solucao : 743
Distancia final da solucao :743
Tour :|11, 12|10, 20|0, 9|1, 8|3, 5|1, 2|1, 2|4, 9|5, 6|12, 51|13, 51|16, 30|19, 20|17, 18|21, 41|52, 62|51, 57|41, 42|2, 8|1, 10|5, 2|3, 4|2, 4|2, 5|2, 5|7, 8|21, 5|35, 10|52, 12|231, 75|60, 6|35, 10|30, 11|15, 16|13, 14|9, 10|

------------------------------
Distancia inicial da solucao : 788
Distancia final da solucao :788
Tour :|1, 8|3, 5|1, 2|1, 2|2, 5|2, 5|2, 4|3, 4|2, 8|0, 9|1, 10|5, 2|5, 6|15, 16|17, 18|13, 14|17, 18|16, 30|11, 12|4, 9|9, 10|11, 12|13, 14|19, 20|27, 21|25, 26|41, 42|23, 24|21, 22|15, 16|21, 5|35, 10|60, 6|52, 12|35, 10|30, 11|21, 41|231, 75|52, 62|51, 57|12, 51|13, 51|19, 20|10, 20|7, 8|

------------------------------
Distancia inicial da solucao : 1020
Distancia final da solucao :1020
Tour :|5, 6|1, 2|3, 4|0, 9|4, 9|7, 8|15, 16|23, 24|40, 90|231, 75|80, 20|60, 6|35, 10|35, 10|13, 14|1, 10|1, 2|2, 4|5, 2|9, 10|13, 14|15, 16|13, 51|25, 26|21, 22|27, 21|30, 11|60, 30|52, 12|51, 57|50, 50|52, 62|12, 51|21, 41|19, 20|17, 18|1, 8|2, 8|2, 5|3, 5|2, 5|10, 20|19, 20|17, 18|11, 12|11, 12|21, 5|41, 42|16, 30|10, 30|

------------------------------
Distancia inicial da solucao : 976
Distancia final da solucao :976
Tour :|17, 18|17, 18|19, 20|19, 20|23, 24|10, 20|7, 8|13, 14|15, 16|9, 10|4, 9|12, 51|13, 51|44, 33|41, 42|21, 41|10, 30|1, 10|0, 9|1, 8|11, 12|60, 6|80, 20|51, 57|50, 50|55, 66|52, 62|40, 90|231, 75|60, 30|1, 2|1, 2|5, 2|2, 8|2, 5|2, 5|3, 5|2, 4|3, 4|5, 6|11, 12|21, 5|22, 11|16, 30|21, 22|25, 26|27, 21|35, 10|35, 10|52, 12|30, 11|15, 16|13, 14|

------------------------------
Distancia inicial da solucao : 1063
Distancia final da solucao :1063
Tour :|5, 2|1, 2|3, 5|17, 18|19, 20|21, 22|35, 10|35, 10|30, 11|17, 18|15, 16|15, 16|23, 24|16, 30|25, 26|41, 42|52, 12|19, 20|22, 11|4, 9|1, 10|1, 10|2, 8|13, 14|11, 12|11, 12|2, 20|4, 45|13, 51|40, 90|52, 62|55, 66|231, 75|80, 20|50, 50|51, 57|27, 21|5, 6|2, 5|2, 4|3, 30|10, 30|12, 51|21, 41|60, 30|60, 6|44, 33|21, 5|13, 14|10, 20|9, 10|7, 8|1, 8|0, 9|2, 5|3, 4|1, 2|

------------------------------
Distancia inicial da solucao : 1164
Distancia final da solucao :1164
Tour :|1, 8|0, 9|2, 5|1, 2|1, 2|2, 5|3, 5|4, 9|3, 4|5, 6|1, 10|1, 10|21, 5|22, 11|52, 12|83, 1|231, 75|80, 20|44, 33|21, 22|25, 26|4, 45|12, 51|17, 18|30, 11|60, 6|60, 30|51, 57|55, 66|41, 42|11, 12|5, 2|35, 10|35, 10|19, 20|13, 14|11, 12|10, 20|2, 20|10, 30|21, 41|16, 30|15, 16|15, 16|17, 18|19, 20|23, 24|27, 21|9, 10|7, 8|3, 5|13, 14|50, 50|40, 90|52, 62|13, 51|3, 30|2, 4|2, 8|

------------------------------
Distancia inicial da solucao : 1138
Distancia final da solucao :1138
Tour :|44, 33|83, 1|231, 75|40, 90|55, 66|80, 20|60, 6|35, 10|35, 10|21, 5|1, 2|1, 2|2, 6|1, 8|7, 8|2, 8|0, 9|2, 20|1, 10|2, 4|1, 2|5, 2|3, 4|3, 5|1, 10|5, 6|30, 11|52, 12|52, 62|51, 57|27, 21|22, 11|11, 12|2, 5|2, 5|3, 5|11, 12|17, 18|17, 18|13, 14|13, 14|10, 20|21, 41|50, 50|60, 30|41, 42|13, 51|12, 51|10, 30|21, 22|19, 20|3, 30|4, 45|16, 30|25, 26|23, 24|9, 10|4, 9|15, 16|15, 16|19, 20|

------------------------------
Distancia inicial da solucao : 1074
Distancia final da solucao :1074
Tour :|1, 2|21, 41|13, 51|4, 45|12, 51|17, 18|11, 12|11, 12|8, 9|1, 8|1, 10|0, 9|1, 10|2, 20|13, 14|17, 18|19, 20|15, 16|13, 14|10, 20|3, 30|15, 16|2, 8|2, 5|9, 10|4, 9|3, 5|2, 5|5, 6|7, 8|2, 4|3, 5|10, 30|16, 30|22, 11|30, 11|35, 10|35, 10|52, 12|27, 21|23, 24|25, 26|44, 33|41, 42|60, 30|80, 20|21, 5|21, 22|19, 20|60, 6|83, 1|231, 75|50, 50|51, 57|52, 62|55, 66|40, 90|2, 6|3, 4|5, 2|1, 2|1, 2|

------------------------------
Distancia inicial da solucao : 1242
Distancia final da solucao :1242
Tour :|70, 10|52, 12|41, 42|51, 57|55, 66|40, 90|52, 62|44, 33|23, 24|21, 22|5, 2|1, 2|1, 2|3, 5|3, 5|2, 5|2, 5|2, 6|11, 12|9, 5|21, 5|19, 20|25, 26|21, 41|12, 51|35, 10|80, 20|231, 75|50, 50|13, 51|1, 10|0, 9|2, 4|15, 16|17, 18|3, 30|4, 45|10, 30|16, 30|2, 20|1, 10|1, 8|2, 8|3, 4|7, 8|1, 2|4, 9|9, 10|30, 11|35, 10|13, 14|11, 12|5, 6|8, 9|13, 14|10, 20|17, 18|60, 6|60, 30|22, 11|15, 16|19, 20|27, 21|83, 1|

------------------------------
Distancia inicial da solucao : 1337
Distancia final da solucao :1337
Tour :|2, 5|1, 2|2, 20|15, 16|17, 18|15, 16|10, 30|10, 20|13, 14|13, 14|4, 9|11, 12|9, 10|11, 12|17, 18|25, 26|27, 21|1, 10|41, 42|21, 41|13, 51|21, 5|6, 2|3, 4|1, 2|2, 5|1, 2|2, 4|9, 5|70, 10|80, 20|52, 62|16, 30|30, 11|60, 30|231, 75|83, 1|19, 20|3, 5|2, 8|0, 9|1, 8|1, 10|3, 5|5, 2|8, 9|5, 6|7, 8|22, 11|35, 10|52, 12|60, 6|35, 10|44, 33|21, 22|19, 20|23, 24|51, 57|50, 50|55, 66|40, 90|4, 45|12, 51|3, 30|2, 6|

------------------------------
Distancia inicial da solucao : 1141
Distancia final da solucao :1141
Tour :|52, 62|51, 57|55, 66|50, 50|83, 1|60, 30|44, 33|16, 30|3, 30|2, 20|8, 9|2, 8|0, 9|10, 20|19, 20|27, 21|23, 24|25, 26|21, 22|19, 20|17, 18|17, 18|5, 6|6, 2|2, 6|1, 10|4, 9|7, 8|9, 10|3, 5|3, 5|2, 5|2, 7|1, 8|1, 10|13, 14|15, 16|11, 12|15, 16|12, 51|13, 51|80, 20|231, 75|40, 90|10, 30|13, 14|9, 5|1, 2|1, 2|1, 2|3, 4|5, 2|2, 4|2, 5|11, 12|22, 11|35, 10|35, 10|21, 5|60, 6|70, 10|52, 12|30, 11|4, 45|21, 41|41, 42|

------------------------------
Distancia inicial da solucao : 1638
Distancia final da solucao :1638
Tour :|2, 8|5, 2|6, 2|1, 8|3, 4|4, 9|1, 10|0, 9|9, 10|27, 21|83, 1|70, 10|60, 6|52, 12|54, 20|7, 8|2, 20|1, 10|13, 14|13, 14|10, 20|10, 30|12, 51|50, 50|80, 20|231, 75|250, 301|52, 62|2, 7|2, 6|1, 2|1, 2|2, 4|1, 2|2, 5|2, 5|11, 12|35, 10|35, 10|30, 11|21, 5|15, 16|19, 20|16, 30|40, 90|55, 66|51, 57|25, 26|23, 24|3, 5|3, 5|8, 9|21, 41|13, 51|4, 45|3, 30|19, 20|17, 18|15, 16|11, 12|17, 18|22, 11|21, 22|44, 33|41, 42|60, 30|9, 5|5, 6|

------------------------------
Distancia inicial da solucao : 1656
Distancia final da solucao :1656
Tour :|2, 8|11, 12|4, 45|3, 30|13, 14|4, 9|2, 5|7, 8|11, 12|9, 10|3, 5|2, 6|3, 4|15, 16|21, 41|13, 51|12, 51|13, 14|2, 20|23, 24|50, 50|55, 66|40, 90|250, 301|231, 75|52, 62|51, 57|3, 5|2, 4|16, 30|10, 30|8, 36|0, 9|1, 5|1, 8|1, 10|1, 10|10, 20|17, 18|27, 21|19, 20|15, 16|52, 12|70, 10|60, 6|80, 20|41, 42|44, 33|22, 11|8, 9|9, 5|5, 6|3, 4|2, 5|21, 5|83, 1|60, 30|54, 20|21, 22|25, 26|19, 20|17, 18|35, 10|35, 10|30, 11|6, 2|5, 2|2, 7|1, 2|1, 2|1, 2|

------------------------------
Distancia inicial da solucao : 1777
Distancia final da solucao :1777
Tour :|7, 8|15, 16|19, 20|3, 30|2, 20|1, 10|13, 14|2, 8|2, 5|8, 9|11, 12|9, 10|13, 14|5, 6|2, 4|1, 2|1, 5|21, 5|23, 24|4, 45|2, 56|21, 22|21, 41|8, 36|10, 30|1, 8|3, 5|5, 2|11, 12|15, 16|30, 11|83, 1|60, 6|55, 66|52, 62|51, 57|41, 42|50, 50|2, 7|2, 6|3, 5|3, 4|2, 5|0, 9|16, 30|40, 90|12, 51|13, 51|25, 26|10, 20|19, 20|1, 2|1, 2|5, 1|6, 2|9, 5|17, 18|17, 18|27, 21|52, 12|54, 20|60, 30|80, 20|250, 301|231, 75|70, 10|44, 33|1, 10|4, 9|22, 11|35, 10|35, 10|3, 4|

------------------------------
Distancia inicial da solucao : 1811
Distancia final da solucao :1811
Tour :|5, 6|1, 2|1, 10|2, 4|1, 2|3, 5|2, 5|3, 4|5, 2|5, 1|1, 5|2, 5|4, 9|35, 10|54, 20|60, 30|55, 66|52, 62|7, 8|17, 18|19, 20|21, 22|51, 57|80, 20|231, 75|250, 301|40, 90|23, 24|25, 26|19, 20|2, 20|1, 8|3, 4|12, 51|2, 56|3, 30|8, 36|50, 50|41, 42|52, 12|30, 11|17, 18|11, 12|27, 21|35, 10|10, 20|16, 30|4, 45|13, 51|70, 10|98, 5|83, 1|60, 6|22, 11|20, 3|21, 5|13, 14|15, 16|11, 12|8, 9|9, 5|3, 5|6, 2|2, 7|15, 16|44, 33|21, 41|10, 30|1, 10|0, 9|2, 6|2, 8|9, 10|13, 14|1, 2|

------------------------------
Distancia inicial da solucao : 1893
Distancia final da solucao :1887
Tour :|250, 301|40, 90|2, 56|4, 58|16, 30|15, 16|9, 5|60, 6|83, 1|98, 5|60, 30|52, 12|20, 3|25, 26|23, 24|4, 45|3, 30|13, 14|10, 30|19, 20|44, 33|54, 20|35, 10|30, 11|15, 16|11, 12|3, 5|5, 6|6, 2|2, 7|0, 9|2, 5|4, 9|9, 10|11, 12|13, 14|10, 20|6, 2|5, 1|3, 4|2, 5|1, 5|1, 8|3, 4|3, 5|1, 10|1, 10|2, 20|19, 20|70, 10|35, 10|21, 5|8, 9|7, 8|2, 8|2, 4|1, 2|1, 2|5, 2|1, 2|2, 6|17, 18|17, 18|8, 36|12, 51|13, 51|21, 41|27, 21|22, 11|21, 22|41, 42|50, 50|52, 62|55, 66|51, 57|231, 75|80, 20|

------------------------------
Distancia inicial da solucao : 2557
Distancia final da solucao :2557
Tour :|8, 36|40, 90|78, 98|21, 354|54, 145|1, 2|3, 4|2, 4|9, 5|7, 8|2, 7|2, 8|1, 2|1, 2|2, 5|1, 10|2, 5|4, 9|20, 3|21, 5|17, 18|15, 16|17, 18|25, 26|21, 41|4, 45|16, 30|19, 20|10, 20|10, 30|41, 42|51, 57|52, 62|231, 75|250, 301|98, 5|83, 1|35, 10|2, 20|13, 14|13, 14|15, 16|23, 24|21, 22|30, 11|35, 10|12, 51|27, 21|22, 11|6, 2|5, 1|11, 12|13, 51|2, 56|11, 12|5, 6|8, 9|9, 10|52, 12|80, 20|50, 50|4, 58|3, 30|0, 9|1, 8|6, 2|19, 20|70, 10|60, 6|54, 20|60, 30|44, 33|55, 66|1, 10|1, 5|3, 5|3, 5|5, 2|3, 4|2, 6|

------------------------------
Distancia inicial da solucao : 2356
Distancia final da solucao :2356
Tour :|2, 5|2, 4|3, 4|1, 2|1, 10|8, 9|23, 24|21, 41|40, 90|55, 66|52, 62|51, 57|21, 22|4, 45|4, 45|8, 36|2, 20|2, 7|3, 4|17, 18|3, 5|3, 5|7, 8|5, 6|5, 2|5, 1|1, 2|1, 2|4, 9|1, 5|2, 6|9, 10|15, 16|22, 11|12, 51|13, 51|10, 20|1, 10|2, 8|9, 5|21, 5|35, 10|52, 12|30, 11|20, 3|13, 14|19, 20|44, 33|70, 10|83, 1|11, 12|25, 26|27, 21|20, 3|60, 6|98, 5|98, 5|60, 30|54, 20|17, 18|35, 10|80, 20|231, 75|250, 301|21, 354|78, 98|54, 145|6, 2|1, 8|3, 30|3, 30|19, 20|16, 30|10, 30|50, 50|41, 42|15, 16|11, 12|0, 9|2, 5|6, 2|13, 14|2, 20|2, 56|4, 58|1, 10|

------------------------------
Distancia inicial da solucao : 2587
Distancia final da solucao :2586
Tour :|10, 20|1, 10|2, 8|2, 6|3, 5|11, 12|13, 14|25, 26|23, 24|2, 7|2, 4|3, 5|7, 8|5, 6|1, 10|4, 45|2, 20|10, 30|52, 62|250, 301|231, 75|54, 20|83, 1|98, 5|40, 90|15, 16|17, 18|21, 22|17, 18|13, 14|9, 10|35, 10|98, 5|83, 1|80, 20|60, 6|70, 10|41, 42|55, 66|78, 98|21, 354|54, 145|4, 58|4, 45|35, 10|44, 33|21, 41|2, 56|3, 30|0, 9|4, 9|1, 8|1, 10|2, 5|9, 5|21, 5|15, 16|2, 20|3, 30|16, 30|8, 36|12, 51|13, 51|51, 57|50, 50|60, 30|52, 12|20, 3|1, 2|3, 4|1, 2|1, 2|1, 5|3, 5|1, 2|2, 6|2, 5|3, 4|5, 1|6, 2|8, 9|22, 11|19, 20|5, 2|6, 2|11, 12|20, 3|30, 11|27, 21|19, 20|

------------------------------
Distancia inicial da solucao : 2722
Distancia final da solucao :2721
Tour :|7, 8|2, 5|2, 8|1, 2|1, 2|15, 16|17, 18|17, 18|2, 56|4, 58|8, 36|2, 20|1, 2|2, 7|1, 10|2, 6|2, 6|13, 14|3, 30|41, 42|13, 51|250, 301|231, 75|98, 5|83, 1|10, 30|1, 10|4, 9|1, 10|2, 20|21, 22|27, 21|54, 20|30, 11|51, 57|40, 90|11, 12|2, 5|6, 2|1, 8|3, 5|3, 5|3, 5|5, 2|5, 6|10, 20|19, 20|21, 5|22, 11|16, 30|4, 45|12, 51|23, 24|15, 16|9, 10|8, 9|6, 2|3, 4|2, 4|1, 2|1, 5|5, 1|3, 4|2, 7|0, 9|3, 30|4, 45|35, 10|52, 12|50, 50|60, 30|78, 98|21, 354|54, 145|52, 62|55, 66|21, 41|25, 26|98, 5|83, 1|80, 20|19, 20|60, 6|70, 10|44, 33|35, 10|20, 3|20, 3|6, 2|9, 5|11, 12|13, 14|

------------------------------
Distancia inicial da solucao : 2732
Distancia final da solucao :2729
Tour :|21, 354|250, 301|54, 145|2, 56|13, 51|1, 10|1, 8|1, 5|3, 4|1, 2|2, 5|2, 6|9, 5|35, 10|98, 5|231, 75|12, 51|50, 50|60, 30|23, 24|21, 22|35, 10|54, 20|44, 33|8, 36|3, 30|3, 30|2, 20|4, 58|4, 45|4, 45|1, 10|5, 1|20, 3|4, 9|9, 10|21, 5|19, 20|83, 1|80, 20|98, 5|52, 12|27, 21|25, 26|13, 14|15, 16|5, 2|3, 4|6, 2|3, 5|6, 2|20, 3|19, 20|51, 57|78, 98|55, 66|16, 30|10, 20|17, 18|17, 18|10, 30|2, 20|15, 16|6, 2|5, 6|2, 6|2, 8|0, 9|8, 9|10, 20|9, 5|22, 11|70, 10|70, 10|83, 1|60, 6|11, 12|1, 8|2, 7|1, 2|1, 2|3, 5|2, 5|2, 4|3, 5|11, 12|13, 14|21, 41|41, 42|30, 11|1, 2|2, 7|1, 10|7, 8|52, 62|40, 90|

------------------------------
Distancia inicial da solucao : 3299
Distancia final da solucao :3299
Tour :|21, 41|21, 22|19, 20|0, 9|1, 10|1, 10|10, 30|8, 9|17, 18|19, 20|30, 11|17, 18|70, 10|83, 1|60, 30|98, 5|231, 75|40, 90|80, 20|98, 5|70, 10|27, 21|1, 5|1, 8|9, 10|22, 11|23, 24|250, 301|250, 301|40, 90|3, 30|2, 20|7, 8|5, 6|35, 10|35, 10|4, 45|12, 51|13, 51|2, 56|4, 45|4, 58|80, 20|51, 57|78, 98|50, 50|41, 42|50, 50|60, 30|83, 1|60, 6|20, 3|20, 3|21, 5|11, 12|2, 8|1, 2|2, 4|6, 2|5, 2|3, 5|3, 5|9, 5|5, 1|54, 20|44, 33|25, 26|13, 14|3, 5|1, 2|3, 4|2, 7|9, 5|6, 2|54, 20|52, 12|2, 6|2, 6|10, 20|2, 20|10, 30|1, 10|4, 9|15, 16|10, 20|8, 36|16, 30|11, 12|1, 8|2, 7|15, 16|13, 14|6, 2|2, 5|1, 2|2, 5|3, 4|1, 2|3, 30|55, 66|21, 354|54, 145|52, 62|

------------------------------
Distancia inicial da solucao : 3500
Distancia final da solucao :3500
Tour :|30, 11|2, 20|0, 9|5, 6|3, 4|2, 5|2, 6|2, 6|3, 5|2, 7|5, 6|9, 5|9, 5|1, 8|2, 8|11, 12|15, 16|4, 9|3, 5|3, 5|1, 8|6, 2|5, 1|2, 5|1, 5|3, 4|2, 7|9, 10|21, 22|10, 30|8, 9|13, 14|60, 30|35, 10|3, 30|40, 90|40, 90|54, 145|55, 66|30, 11|22, 11|10, 20|4, 45|4, 58|2, 56|98, 5|83, 1|80, 20|80, 20|50, 50|98, 5|250, 301|250, 301|50, 50|16, 30|11, 12|13, 14|17, 18|19, 20|20, 3|13, 14|15, 16|19, 20|23, 24|7, 8|17, 18|15, 16|51, 57|41, 42|54, 20|60, 6|35, 10|16, 30|13, 51|8, 36|4, 45|7, 8|5, 2|6, 2|3, 4|2, 4|1, 2|35, 10|11, 12|9, 10|2, 20|1, 2|10, 30|12, 51|21, 41|231, 75|83, 1|70, 10|44, 33|21, 5|10, 20|19, 20|25, 26|27, 21|35, 10|17, 18|3, 30|2, 8|6, 2|1, 2|1, 2|1, 10|1, 10|1, 10|1, 2|3, 5|20, 3|60, 30|21, 354|78, 98|52, 62|54, 20|52, 12|70, 10|

------------------------------
Distancia inicial da solucao : 3447
Distancia final da solucao :3447
Tour :|1, 10|2, 8|11, 12|22, 11|19, 20|19, 20|16, 30|2, 20|11, 12|17, 18|50, 50|44, 33|35, 10|35, 10|3, 4|2, 6|1, 10|60, 30|231, 75|83, 1|80, 20|27, 21|3, 30|4, 45|3, 30|4, 45|55, 66|50, 50|54, 20|54, 20|52, 62|21, 354|51, 57|13, 51|21, 41|7, 8|7, 8|9, 10|9, 10|19, 20|10, 30|8, 36|8, 9|9, 5|6, 2|20, 3|2, 56|4, 58|4, 58|12, 51|25, 26|70, 10|35, 10|30, 11|11, 12|1, 10|2, 8|3, 4|9, 5|5, 6|1, 2|1, 2|80, 20|60, 6|60, 30|10, 30|4, 45|3, 30|1, 10|2, 6|1, 8|5, 2|3, 4|2, 4|2, 7|3, 5|30, 11|52, 12|35, 10|15, 16|17, 18|20, 3|15, 16|21, 5|3, 5|1, 2|2, 7|1, 8|13, 14|16, 30|23, 24|21, 22|10, 20|0, 9|4, 9|6, 2|6, 2|2, 5|1, 2|1, 2|6, 2|3, 5|1, 5|3, 5|2, 5|5, 1|2, 20|2, 20|15, 16|10, 20|13, 14|17, 18|41, 42|78, 98|54, 145|40, 90|40, 90|250, 301|250, 301|70, 10|98, 5|83, 1|98, 5|13, 14|5, 6|

------------------------------
Distancia inicial da solucao : 3764
Distancia final da solucao :3764
Tour :|78, 98|231, 75|250, 301|54, 145|50, 50|25, 26|16, 30|10, 30|2, 5|3, 30|2, 56|50, 50|41, 42|23, 24|52, 62|40, 90|40, 90|60, 30|35, 10|35, 10|9, 10|7, 8|1, 5|2, 20|1, 10|13, 14|21, 5|19, 20|3, 30|21, 41|54, 20|70, 10|1, 10|0, 9|2, 8|2, 20|7, 8|9, 10|5, 6|1, 2|1, 2|2, 8|15, 16|15, 16|35, 10|35, 10|52, 12|80, 20|98, 5|6, 2|4, 9|2, 7|5, 1|1, 2|8, 9|30, 11|21, 22|27, 21|17, 18|3, 5|6, 2|6, 2|9, 5|1, 2|1, 2|17, 18|10, 30|12, 51|13, 51|2, 20|10, 20|13, 14|15, 16|1, 10|70, 10|83, 1|98, 5|5, 1|6, 2|5, 2|2, 4|1, 10|250, 301|21, 354|10, 20|4, 45|4, 45|8, 36|51, 57|4, 58|2, 56|4, 45|4, 58|55, 66|44, 33|16, 30|3, 30|22, 11|2, 5|2, 6|3, 5|3, 5|1, 2|3, 5|3, 5|3, 4|30, 11|54, 20|80, 20|60, 30|5, 6|2, 6|3, 4|3, 4|19, 20|17, 18|11, 12|20, 3|20, 3|1, 8|1, 8|9, 5|2, 6|2, 7|11, 12|11, 12|13, 14|19, 20|60, 6|83, 1|83, 1|

------------------------------
